vb
     2014    2015    2016    2017    2018    2019    2020    2021    2022    2023    2024
0  440860  440953  442476  442820  443192  443604  443700  443783  443948  444074  444161
1   15394   15302   13801   13460   13089   12681   12600   12518   12353   12228   12141
2     210     209     187     184     183     179     164     163     163     162     162
3       1       1       1       1       1       1       1       1       1       1       1

ss
     2014    2015    2016    2017    2018    2019    2020    2021    2022    2023    2024
0  328317  326525  326525  326525  326525  326525  326525  326525  326512  326034  325407
1   83781   84533   82318   80256   77882   76916   76052   74835   72036   71862   71760
2   44108   44607   46623   48092   50309   50905   51248   52044   54390   53974   53912
3     258     473     650    1202    1080    1202    1616    1888    2179    2360    2295
4       1      68      90     111     379     335     356     470     536     532     577

medicaid
      2014    2015    2016    2017    2018    2019    2020    2021    2022    2023    2024
0   392005  388485  388485  388485  388485  388485  388485  388485  388485  388755  389114
1    32353   34347   33821   33780   33743   33704   33665   33665   33744   33578   33394
2    16027   16313   16385   16061   15805   15744   15672   15672   15630   15585   15504
3     7810    8183    8077    8408    8593    8581    8595    8595    8578    8553    8507
4     4910    5337    5657    5651    5711    5770    5826    5826    5812    5798    5768
5     2085    2346    2497    2512    2542    2581    2599    2599    2596    2584    2575
6      775     871     941     963     970     979     998     998     995     991     983
7      351     419     433     436     446     450     449     449     449     447     447
8       86      97     102     102     103     104     107     107     107     105     105
9       30      33      33      33      33      33      33      33      33      33      33
11      20      21      21      21      21      21      23      23      23      23      23
10      10       9       9       9       9       9       9       9       9       9       8
12       2       3       3       3       3       3       3       3       3       3       3
14       1       1       1       1       1       1       1       1       1       1       1

medicare
     2014    2015    2016    2017    2018    2019    2020    2021    2022    2023    2024
0  344758  342573  342573  341733  340235  338710  337356  336114  334840  333458  331913
1   71106   73109   69343   68393   68853   69271   69483   69737   69998   70905   72294
2   40148   40310   44069   45727   46451   47402   48397   49213   50089   50419   50514
3     349     369     376     487     787     882     937    1034    1066    1153    1112
4      49      49      49      70      81     135     201     215     270     259     313
7      31      31      31      31      31      31      31      31      32      38      42
5      16      16      16      16      19      25      48      92     114     169     201
6       7       7       7       7       7       8      11      28      55      63      72
8       1       1       1       1       1       1       1       1       1       1       4

snap
      2014    2015    2016    2017    2018    2019    2020    2021    2022    2023    2024
0   408953  410079  412742  413190  413639  414064  414443  415047  415905  416595  417017
1    34020   33272   31633   31371   31121   30864   30634   30276   29716   29257   28985
2     6932    6675    6319    6254    6185    6135    6079    5999    5874    5775    5716
3     2811    2719    2463    2419    2375    2341    2304    2222    2144    2085    2037
4     1919    1901    1711    1673    1630    1590    1564    1522    1467    1427    1404
5     1083    1076     947     923     899     873     853     829     806     784     774
6      479     475     422     412     397     386     378     367     355     347     343
7      175     175     158     153     153     149     147     143     139     136     131
8       58      58      40      40      37      36      36      34      34      34      34
9       26      26      23      23      23      21      21      20      20      20      20
11       5       5       4       4       3       3       3       3       2       2       2
10       3       3       2       2       2       2       2       2       2       2       1
12       1       1       1       1       1       1       1       1       1       1       1

ssi
     2014    2015    2016    2017    2018    2019    2020    2021    2022    2023    2024
0  443520  443553  443696  443894  444103  444336  444478  444599  444723  444761  444797
1   11643   11615   11492   11312   11118   10915   10785   10673   10557   10521   10486
2    1206    1201    1189    1171    1157    1128    1117    1109    1103    1101    1100
3      89      89      81      81      80      79      78      77      75      75      75
4       7       7       7       7       7       7       7       7       7       7       7

